UNIFORM
Nodo [0][0.0,(0,0),None,None,0,18.0,0.0]
Nodo [1][2.0,(0,1),0,E,1,17.0,2.0]
Nodo [2][5.0,(1,1),1,S,2,16.0,5.0]
Nodo [5][9.0,(2,1),2,S,3,15.0,9.0]
Nodo [10][10.0,(2,2),5,E,4,14.0,10.0]
Nodo [16][13.0,(2,3),10,E,5,13.0,13.0]
Nodo [36][14.0,(2,4),16,E,6,12.0,14.0]
Nodo [42][15.0,(3,4),36,S,7,11.0,15.0]
Nodo [53][17.0,(4,4),42,S,8,10.0,17.0]
Nodo [83][18.0,(4,5),53,E,9,9.0,18.0]
Nodo [93][19.0,(4,6),83,E,10,8.0,19.0]
Nodo [111][21.0,(5,6),93,S,11,7.0,21.0]
Nodo [139][22.0,(5,7),111,E,12,6.0,22.0]
Nodo [156][23.0,(6,7),139,S,13,5.0,23.0]
Nodo [188][26.0,(6,8),156,E,14,4.0,26.0]
Nodo [234][27.0,(7,8),188,S,15,3.0,27.0]
Nodo [261][29.0,(8,8),234,S,16,2.0,29.0]
Nodo [290][31.0,(9,8),261,S,17,1.0,31.0]
Nodo [300][35.0,(9,9),290,E,18,0.0,35.0]
