BREADTH
Nodo [0][0.0,(0,0),None,None,0,0.0,0.0]
Nodo [1][1.0,(0,1),0,E,1,19.0,1.0]
Nodo [2][2.0,(1,1),1,S,2,18.0,2.0]
Nodo [5][3.0,(2,1),2,S,3,17.0,3.0]
Nodo [10][4.0,(2,2),5,E,4,16.0,4.0]
Nodo [16][5.0,(2,3),10,E,5,15.0,5.0]
Nodo [26][6.0,(2,4),16,E,6,14.0,6.0]
Nodo [41][7.0,(2,5),26,E,7,13.0,7.0]
Nodo [60][8.0,(3,5),41,S,8,12.0,8.0]
Nodo [81][9.0,(3,6),60,E,9,11.0,9.0]
Nodo [102][10.0,(4,6),81,S,10,10.0,10.0]
Nodo [132][11.0,(5,6),102,S,11,9.0,11.0]
Nodo [165][12.0,(5,7),132,E,12,8.0,12.0]
Nodo [200][13.0,(6,7),165,S,13,7.0,13.0]
Nodo [235][14.0,(6,8),200,E,14,6.0,14.0]
Nodo [262][15.0,(7,8),235,S,15,5.0,15.0]
Nodo [283][16.0,(8,8),262,S,16,4.0,16.0]
Nodo [294][17.0,(9,8),283,S,17,3.0,17.0]
Nodo [300][18.0,(9,9),294,E,18,2.0,18.0]
