GREEDY
Nodo [0][0.0,(0,0),None,None,0,18.0,18.0]
Nodo [1][1.0,(0,1),0,E,1,17.0,17.0]
Nodo [2][3.0,(1,1),1,S,2,16.0,16.0]
Nodo [5][6.0,(2,1),2,S,3,15.0,15.0]
Nodo [8][10.0,(2,2),5,E,4,14.0,14.0]
Nodo [12][11.0,(2,3),8,E,5,13.0,13.0]
Nodo [16][14.0,(2,4),12,E,6,12.0,12.0]
Nodo [20][15.0,(2,5),16,E,7,11.0,11.0]
Nodo [24][18.0,(3,5),20,S,8,10.0,10.0]
Nodo [27][20.0,(3,6),24,E,9,9.0,9.0]
Nodo [30][23.0,(3,7),27,E,10,8.0,8.0]
Nodo [34][26.0,(3,8),30,E,11,7.0,7.0]
Nodo [38][28.0,(3,9),34,E,12,6.0,6.0]
Nodo [42][30.0,(4,9),38,S,13,5.0,5.0]
Nodo [45][31.0,(5,9),42,S,14,4.0,4.0]
Nodo [47][32.0,(6,9),45,S,15,3.0,3.0]
Nodo [50][35.0,(6,8),47,O,16,4.0,4.0]
Nodo [52][38.0,(7,8),50,S,17,3.0,3.0]
Nodo [56][39.0,(8,8),52,S,18,2.0,2.0]
Nodo [61][41.0,(9,8),56,S,19,1.0,1.0]
Nodo [65][43.0,(9,9),61,E,20,0.0,0.0]
