A
Nodo [0][0.0,(0,0),None,None,0,18.0,18.0]
Nodo [1][1.0,(0,1),0,E,1,17.0,18.0]
Nodo [2][3.0,(1,1),1,S,2,16.0,19.0]
Nodo [5][6.0,(2,1),2,S,3,15.0,21.0]
Nodo [8][10.0,(2,2),5,E,4,14.0,24.0]
Nodo [14][11.0,(2,3),8,E,5,13.0,24.0]
Nodo [18][14.0,(2,4),14,E,6,12.0,26.0]
Nodo [47][15.0,(3,4),18,S,7,11.0,26.0]
Nodo [55][16.0,(4,4),47,S,8,10.0,26.0]
Nodo [61][18.0,(4,5),55,E,9,9.0,27.0]
Nodo [88][19.0,(4,6),61,E,10,8.0,27.0]
Nodo [93][20.0,(5,6),88,S,11,7.0,27.0]
Nodo [106][22.0,(5,7),93,E,12,6.0,28.0]
Nodo [121][23.0,(6,7),106,S,13,5.0,28.0]
Nodo [137][24.0,(6,8),121,E,14,4.0,28.0]
Nodo [141][27.0,(7,8),137,S,15,3.0,30.0]
Nodo [201][28.0,(8,8),141,S,16,2.0,30.0]
Nodo [206][30.0,(9,8),201,S,17,1.0,31.0]
Nodo [238][32.0,(9,9),206,E,18,0.0,32.0]
