DEPTH
Nodo [0][0.0,(0,0),None,None,0,18.0,1.0]
Nodo [1][1.0,(0,1),0,E,1,17.0,0.5]
Nodo [2][3.0,(1,1),1,S,2,16.0,0.3333333333333333]
Nodo [6][6.0,(1,0),2,O,3,17.0,0.25]
Nodo [8][9.0,(2,0),6,S,4,16.0,0.2]
Nodo [10][11.0,(2,1),8,E,5,15.0,0.16666666666666666]
Nodo [12][15.0,(2,2),10,E,6,14.0,0.14285714285714285]
Nodo [15][16.0,(1,2),12,N,7,15.0,0.125]
Nodo [20][17.0,(1,3),15,E,8,14.0,0.1111111111111111]
Nodo [24][19.0,(1,4),20,E,9,13.0,0.1]
Nodo [28][22.0,(0,4),24,N,10,14.0,0.09090909090909091]
Nodo [32][24.0,(0,5),28,E,11,13.0,0.08333333333333333]
Nodo [34][25.0,(0,6),32,E,12,12.0,0.07692307692307693]
Nodo [37][26.0,(1,6),34,S,13,11.0,0.07142857142857142]
Nodo [40][27.0,(1,7),37,E,14,10.0,0.06666666666666667]
Nodo [42][28.0,(0,7),40,N,15,11.0,0.0625]
Nodo [45][30.0,(0,8),42,E,16,10.0,0.058823529411764705]
Nodo [47][33.0,(0,9),45,E,17,9.0,0.05555555555555555]
Nodo [50][35.0,(1,9),47,S,18,8.0,0.05263157894736842]
Nodo [53][36.0,(2,9),50,S,19,7.0,0.05]
Nodo [59][37.0,(2,8),53,O,20,8.0,0.047619047619047616]
Nodo [62][40.0,(2,7),59,O,21,9.0,0.045454545454545456]
Nodo [66][41.0,(2,6),62,O,22,10.0,0.043478260869565216]
Nodo [69][43.0,(3,6),66,S,23,9.0,0.041666666666666664]
Nodo [73][46.0,(3,5),69,O,24,10.0,0.04]
Nodo [74][48.0,(2,5),73,N,25,11.0,0.038461538461538464]
Nodo [79][51.0,(2,4),74,O,26,12.0,0.037037037037037035]
Nodo [86][52.0,(2,3),79,O,27,13.0,0.03571428571428571]
Nodo [89][55.0,(3,3),86,S,28,12.0,0.034482758620689655]
Nodo [94][58.0,(3,2),89,O,29,13.0,0.03333333333333333]
Nodo [98][60.0,(3,1),94,O,30,14.0,0.03225806451612903]
Nodo [101][61.0,(3,0),98,O,31,15.0,0.03125]
Nodo [103][63.0,(4,0),101,S,32,14.0,0.030303030303030304]
Nodo [105][67.0,(4,1),103,E,33,13.0,0.029411764705882353]
Nodo [106][69.0,(4,2),105,E,34,12.0,0.02857142857142857]
Nodo [110][71.0,(4,3),106,E,35,11.0,0.027777777777777776]
Nodo [114][74.0,(5,3),110,S,36,10.0,0.02702702702702703]
Nodo [119][77.0,(5,2),114,O,37,11.0,0.02631578947368421]
Nodo [123][78.0,(5,1),119,O,38,12.0,0.02564102564102564]
Nodo [127][79.0,(5,0),123,O,39,13.0,0.025]
Nodo [129][80.0,(6,0),127,S,40,12.0,0.024390243902439025]
Nodo [131][81.0,(6,1),129,E,41,11.0,0.023809523809523808]
Nodo [134][85.0,(6,2),131,E,42,10.0,0.023255813953488372]
Nodo [138][86.0,(6,3),134,E,43,9.0,0.022727272727272728]
Nodo [141][87.0,(7,3),138,S,44,8.0,0.022222222222222223]
Nodo [146][91.0,(7,2),141,O,45,9.0,0.021739130434782608]
Nodo [149][92.0,(7,1),146,O,46,10.0,0.02127659574468085]
Nodo [153][94.0,(7,0),149,O,47,11.0,0.020833333333333332]
Nodo [156][96.0,(8,0),153,S,48,10.0,0.02040816326530612]
Nodo [158][100.0,(8,1),156,E,49,9.0,0.02]
Nodo [161][101.0,(8,2),158,E,50,8.0,0.0196078431372549]
Nodo [165][102.0,(8,3),161,E,51,7.0,0.019230769230769232]
Nodo [168][103.0,(8,4),165,E,52,6.0,0.018867924528301886]
Nodo [171][106.0,(7,4),168,N,53,7.0,0.018518518518518517]
Nodo [175][107.0,(6,4),171,N,54,8.0,0.01818181818181818]
Nodo [179][108.0,(5,4),175,N,55,9.0,0.017857142857142856]
Nodo [181][111.0,(4,4),179,N,56,10.0,0.017543859649122806]
Nodo [186][113.0,(4,5),181,E,57,9.0,0.017241379310344827]
Nodo [192][114.0,(4,6),186,E,58,8.0,0.01694915254237288]
Nodo [196][115.0,(4,7),192,E,59,7.0,0.016666666666666666]
Nodo [199][116.0,(3,7),196,N,60,8.0,0.01639344262295082]
Nodo [202][119.0,(3,8),199,E,61,7.0,0.016129032258064516]
Nodo [206][121.0,(3,9),202,E,62,6.0,0.015873015873015872]
Nodo [210][123.0,(4,9),206,S,63,5.0,0.015625]
Nodo [213][124.0,(5,9),210,S,64,4.0,0.015384615384615385]
Nodo [216][125.0,(5,8),213,O,65,5.0,0.015151515151515152]
Nodo [219][126.0,(5,7),216,O,66,6.0,0.014925373134328358]
Nodo [224][127.0,(5,6),219,O,67,7.0,0.014705882352941176]
Nodo [228][129.0,(5,5),224,O,68,8.0,0.014492753623188406]
Nodo [231][132.0,(6,5),228,S,69,7.0,0.014285714285714285]
Nodo [234][136.0,(7,5),231,S,70,6.0,0.014084507042253521]
Nodo [236][140.0,(7,6),234,E,71,5.0,0.013888888888888888]
Nodo [239][143.0,(6,6),236,N,72,6.0,0.0136986301369863]
Nodo [244][146.0,(6,7),239,E,73,5.0,0.013513513513513514]
Nodo [247][147.0,(6,8),244,E,74,4.0,0.013333333333333334]
Nodo [251][150.0,(7,8),247,S,75,3.0,0.013157894736842105]
Nodo [258][151.0,(7,7),251,O,76,4.0,0.012987012987012988]
Nodo [261][155.0,(8,7),258,S,77,3.0,0.01282051282051282]
Nodo [265][156.0,(8,6),261,O,78,4.0,0.012658227848101266]
Nodo [269][157.0,(8,5),265,O,79,5.0,0.0125]
Nodo [272][159.0,(9,5),269,S,80,4.0,0.012345679012345678]
Nodo [275][160.0,(9,6),272,E,81,3.0,0.012195121951219513]
Nodo [280][161.0,(9,7),275,E,82,2.0,0.012048192771084338]
Nodo [282][162.0,(9,8),280,E,83,1.0,0.011904761904761904]
Nodo [285][164.0,(9,9),282,E,84,0.0,0.011764705882352941]
