[id_nodo][costo,estado,id_nodo_padre,accion,profundidad,heurística,valor]
Nodo [0][0.0,(0,0),None,None,0,98.0,98.0]
Nodo [1][2.0,(1,0),0,S,1,97.0,99.0]
Nodo [3][5.0,(1,1),1,E,2,96.0,101.0]
Nodo [5][6.0,(1,2),3,E,3,95.0,101.0]
Nodo [9][7.0,(1,3),5,E,4,94.0,101.0]
Nodo [12][8.0,(1,4),9,E,5,93.0,101.0]
Nodo [15][10.0,(2,4),12,S,6,92.0,102.0]
Nodo [33][11.0,(2,5),15,E,7,91.0,102.0]
Nodo [37][12.0,(3,5),33,S,8,90.0,102.0]
Nodo [48][13.0,(4,5),37,S,9,89.0,102.0]
Nodo [60][14.0,(5,5),48,S,10,88.0,102.0]
Nodo [67][16.0,(6,5),60,S,11,87.0,103.0]
Nodo [111][17.0,(7,5),67,S,12,86.0,103.0]
Nodo [126][18.0,(8,5),111,S,13,85.0,103.0]
Nodo [138][19.0,(9,5),126,S,14,84.0,103.0]
Nodo [143][20.0,(9,6),138,E,15,83.0,103.0]
Nodo [146][21.0,(10,6),143,S,16,82.0,103.0]
Nodo [154][22.0,(11,6),146,S,17,81.0,103.0]
Nodo [165][23.0,(12,6),154,S,18,80.0,103.0]
Nodo [174][24.0,(12,7),165,E,19,79.0,103.0]
Nodo [177][25.0,(12,8),174,E,20,78.0,103.0]
Nodo [180][26.0,(12,9),177,E,21,77.0,103.0]
Nodo [183][27.0,(13,9),180,S,22,76.0,103.0]
Nodo [193][28.0,(13,10),183,E,23,75.0,103.0]
Nodo [197][29.0,(14,10),193,S,24,74.0,103.0]
Nodo [203][30.0,(15,10),197,S,25,73.0,103.0]
Nodo [210][32.0,(16,10),203,S,26,72.0,104.0]
Nodo [367][34.0,(17,10),210,S,27,71.0,105.0]
Nodo [540][35.0,(18,10),367,S,28,70.0,105.0]
Nodo [544][36.0,(19,10),540,S,29,69.0,105.0]
Nodo [557][38.0,(19,9),544,O,30,70.0,108.0]
Nodo [1068][39.0,(20,9),557,S,31,69.0,108.0]
Nodo [1076][40.0,(21,9),1068,S,32,68.0,108.0]
Nodo [1085][41.0,(21,10),1076,E,33,67.0,108.0]
Nodo [1089][42.0,(22,10),1085,S,34,66.0,108.0]
Nodo [1095][43.0,(23,10),1089,S,35,65.0,108.0]
Nodo [1107][44.0,(23,11),1095,E,36,64.0,108.0]
Nodo [1111][45.0,(24,11),1107,S,37,63.0,108.0]
Nodo [1126][47.0,(25,11),1111,S,38,62.0,109.0]
Nodo [1331][50.0,(26,11),1126,S,39,61.0,111.0]
Nodo [1643][54.0,(27,11),1331,S,40,60.0,114.0]
Nodo [2212][55.0,(28,11),1643,S,41,59.0,114.0]
Nodo [2225][57.0,(29,11),2212,S,42,58.0,115.0]
Nodo [2414][58.0,(29,12),2225,E,43,57.0,115.0]
Nodo [2416][59.0,(29,13),2414,E,44,56.0,115.0]
Nodo [2420][60.0,(30,13),2416,S,45,55.0,115.0]
Nodo [2438][61.0,(31,13),2420,S,46,54.0,115.0]
Nodo [2447][62.0,(32,13),2438,S,47,53.0,115.0]
Nodo [2454][63.0,(33,13),2447,S,48,52.0,115.0]
Nodo [2462][64.0,(34,13),2454,S,49,51.0,115.0]
Nodo [2468][65.0,(34,14),2462,E,50,50.0,115.0]
Nodo [2471][66.0,(34,15),2468,E,51,49.0,115.0]
Nodo [2474][67.0,(34,16),2471,E,52,48.0,115.0]
Nodo [2478][68.0,(34,17),2474,E,53,47.0,115.0]
Nodo [2482][70.0,(34,18),2478,E,54,46.0,116.0]
Nodo [2642][71.0,(34,19),2482,E,55,45.0,116.0]
Nodo [2645][72.0,(34,20),2642,E,56,44.0,116.0]
Nodo [2649][73.0,(35,20),2645,S,57,43.0,116.0]
Nodo [2663][74.0,(35,21),2649,E,58,42.0,116.0]
Nodo [2667][75.0,(36,21),2663,S,59,41.0,116.0]
Nodo [2681][76.0,(37,21),2667,S,60,40.0,116.0]
Nodo [2695][78.0,(38,21),2681,S,61,39.0,117.0]
Nodo [2934][79.0,(39,21),2695,S,62,38.0,117.0]
Nodo [2945][80.0,(39,22),2934,E,63,37.0,117.0]
Nodo [2950][81.0,(40,22),2945,S,64,36.0,117.0]
Nodo [2966][82.0,(41,22),2950,S,65,35.0,117.0]
Nodo [2977][84.0,(42,22),2966,S,66,34.0,118.0]
Nodo [3300][86.0,(43,22),2977,S,67,33.0,119.0]
Nodo [3609][87.0,(43,23),3300,E,68,32.0,119.0]
Nodo [3613][88.0,(43,24),3609,E,69,31.0,119.0]
Nodo [3618][89.0,(44,24),3613,S,70,30.0,119.0]
Nodo [3631][90.0,(45,24),3618,S,71,29.0,119.0]
Nodo [3638][91.0,(45,25),3631,E,72,28.0,119.0]
Nodo [3642][93.0,(45,26),3638,E,73,27.0,120.0]
Nodo [3930][94.0,(46,26),3642,S,74,26.0,120.0]
Nodo [3933][98.0,(46,27),3930,E,75,25.0,123.0]
Nodo [4842][100.0,(46,28),3933,E,76,24.0,124.0]
Nodo [5232][101.0,(47,28),4842,S,77,23.0,124.0]
Nodo [5246][102.0,(47,29),5232,E,78,22.0,124.0]
Nodo [5249][104.0,(47,30),5246,E,79,21.0,125.0]
Nodo [5608][106.0,(47,31),5249,E,80,20.0,126.0]
Nodo [5915][107.0,(47,32),5608,E,81,19.0,126.0]
Nodo [5917][108.0,(47,33),5915,E,82,18.0,126.0]
Nodo [5919][110.0,(47,34),5917,E,83,17.0,127.0]
Nodo [6315][111.0,(47,35),5919,E,84,16.0,127.0]
Nodo [6318][112.0,(47,36),6315,E,85,15.0,127.0]
Nodo [6321][113.0,(47,37),6318,E,86,14.0,127.0]
Nodo [6324][115.0,(47,38),6321,E,87,13.0,128.0]
Nodo [6624][116.0,(48,38),6324,S,88,12.0,128.0]
Nodo [6640][117.0,(48,39),6624,E,89,11.0,128.0]
Nodo [6644][118.0,(48,40),6640,E,90,10.0,128.0]
Nodo [6647][119.0,(48,41),6644,E,91,9.0,128.0]
Nodo [6651][120.0,(48,42),6647,E,92,8.0,128.0]
Nodo [6654][121.0,(48,43),6651,E,93,7.0,128.0]
Nodo [6657][122.0,(48,44),6654,E,94,6.0,128.0]
Nodo [6660][123.0,(48,45),6657,E,95,5.0,128.0]
Nodo [6664][124.0,(48,46),6660,E,96,4.0,128.0]
Nodo [6668][125.0,(48,47),6664,E,97,3.0,128.0]
Nodo [6672][127.0,(48,48),6668,E,98,2.0,129.0]
Nodo [6985][128.0,(49,48),6672,S,99,1.0,129.0]
Nodo [7006][129.0,(49,49),6985,E,100,0.0,129.0]
